[2, 1, 3, 0]
[0, 1, 3, 2]
[0, 1, 3, 2]
[0, 1, 2, 3]
[4, 7, 1]
[1, 7, 4]
[1, 4, 7]
[4, 7, 8, 6, 9, 2, 3]
[2, 7, 8, 6, 9, 4, 3]
[2, 3, 8, 6, 9, 4, 7]
[2, 3, 4, 6, 9, 8, 7]
[2, 3, 4, 6, 9, 8, 7]
[2, 3, 4, 6, 7, 8, 9]
[2, 3, 4, 6, 7, 8, 9]
[19, 2, 14, 18, -7, -6, 20]
[-7, 2, 14, 18, 19, -6, 20]
[-7, -6, 14, 18, 19, 2, 20]
[-7, -6, 2, 18, 19, 14, 20]
[-7, -6, 2, 14, 19, 18, 20]
[-7, -6, 2, 14, 18, 19, 20]
[-7, -6, 2, 14, 18, 19, 20]
[-7, 16, 16, 15, -3, 4, 5, 4, -5, 10, 3, 20, 2, -8, -3, 0, 4, 16, -1, 20, -5]
[-8, 16, 16, 15, -3, 4, 5, 4, -5, 10, 3, 20, 2, -7, -3, 0, 4, 16, -1, 20, -5]
[-8, -7, 16, 15, -3, 4, 5, 4, -5, 10, 3, 20, 2, 16, -3, 0, 4, 16, -1, 20, -5]
[-8, -7, -5, 15, -3, 4, 5, 4, 16, 10, 3, 20, 2, 16, -3, 0, 4, 16, -1, 20, -5]
[-8, -7, -5, -5, -3, 4, 5, 4, 16, 10, 3, 20, 2, 16, -3, 0, 4, 16, -1, 20, 15]
[-8, -7, -5, -5, -3, 4, 5, 4, 16, 10, 3, 20, 2, 16, -3, 0, 4, 16, -1, 20, 15]
[-8, -7, -5, -5, -3, -3, 5, 4, 16, 10, 3, 20, 2, 16, 4, 0, 4, 16, -1, 20, 15]
[-8, -7, -5, -5, -3, -3, -1, 4, 16, 10, 3, 20, 2, 16, 4, 0, 4, 16, 5, 20, 15]
[-8, -7, -5, -5, -3, -3, -1, 0, 16, 10, 3, 20, 2, 16, 4, 4, 4, 16, 5, 20, 15]
[-8, -7, -5, -5, -3, -3, -1, 0, 2, 10, 3, 20, 16, 16, 4, 4, 4, 16, 5, 20, 15]
[-8, -7, -5, -5, -3, -3, -1, 0, 2, 3, 10, 20, 16, 16, 4, 4, 4, 16, 5, 20, 15]
[-8, -7, -5, -5, -3, -3, -1, 0, 2, 3, 4, 20, 16, 16, 10, 4, 4, 16, 5, 20, 15]
[-8, -7, -5, -5, -3, -3, -1, 0, 2, 3, 4, 4, 16, 16, 10, 20, 4, 16, 5, 20, 15]
[-8, -7, -5, -5, -3, -3, -1, 0, 2, 3, 4, 4, 4, 16, 10, 20, 16, 16, 5, 20, 15]
[-8, -7, -5, -5, -3, -3, -1, 0, 2, 3, 4, 4, 4, 5, 10, 20, 16, 16, 16, 20, 15]
[-8, -7, -5, -5, -3, -3, -1, 0, 2, 3, 4, 4, 4, 5, 10, 20, 16, 16, 16, 20, 15]
[-8, -7, -5, -5, -3, -3, -1, 0, 2, 3, 4, 4, 4, 5, 10, 15, 16, 16, 16, 20, 20]
[-8, -7, -5, -5, -3, -3, -1, 0, 2, 3, 4, 4, 4, 5, 10, 15, 16, 16, 16, 20, 20]
[-8, -7, -5, -5, -3, -3, -1, 0, 2, 3, 4, 4, 4, 5, 10, 15, 16, 16, 16, 20, 20]
[-8, -7, -5, -5, -3, -3, -1, 0, 2, 3, 4, 4, 4, 5, 10, 15, 16, 16, 16, 20, 20]
[-8, -7, -5, -5, -3, -3, -1, 0, 2, 3, 4, 4, 4, 5, 10, 15, 16, 16, 16, 20, 20]
[19, 15, 5, -1, 3, 0, -3, 2, 10, 2, 20, 12, 15, 6, 1, 1, 20, 14, 9, 11, 5, 6, 13, -3, -7, 5, 7, 12, 9, 2, 13]
[-7, 15, 5, -1, 3, 0, -3, 2, 10, 2, 20, 12, 15, 6, 1, 1, 20, 14, 9, 11, 5, 6, 13, -3, 19, 5, 7, 12, 9, 2, 13]
[-7, -3, 5, -1, 3, 0, 15, 2, 10, 2, 20, 12, 15, 6, 1, 1, 20, 14, 9, 11, 5, 6, 13, -3, 19, 5, 7, 12, 9, 2, 13]
[-7, -3, -3, -1, 3, 0, 15, 2, 10, 2, 20, 12, 15, 6, 1, 1, 20, 14, 9, 11, 5, 6, 13, 5, 19, 5, 7, 12, 9, 2, 13]
[-7, -3, -3, -1, 3, 0, 15, 2, 10, 2, 20, 12, 15, 6, 1, 1, 20, 14, 9, 11, 5, 6, 13, 5, 19, 5, 7, 12, 9, 2, 13]
[-7, -3, -3, -1, 0, 3, 15, 2, 10, 2, 20, 12, 15, 6, 1, 1, 20, 14, 9, 11, 5, 6, 13, 5, 19, 5, 7, 12, 9, 2, 13]
[-7, -3, -3, -1, 0, 1, 15, 2, 10, 2, 20, 12, 15, 6, 3, 1, 20, 14, 9, 11, 5, 6, 13, 5, 19, 5, 7, 12, 9, 2, 13]
[-7, -3, -3, -1, 0, 1, 1, 2, 10, 2, 20, 12, 15, 6, 3, 15, 20, 14, 9, 11, 5, 6, 13, 5, 19, 5, 7, 12, 9, 2, 13]
[-7, -3, -3, -1, 0, 1, 1, 2, 10, 2, 20, 12, 15, 6, 3, 15, 20, 14, 9, 11, 5, 6, 13, 5, 19, 5, 7, 12, 9, 2, 13]
[-7, -3, -3, -1, 0, 1, 1, 2, 2, 10, 20, 12, 15, 6, 3, 15, 20, 14, 9, 11, 5, 6, 13, 5, 19, 5, 7, 12, 9, 2, 13]
[-7, -3, -3, -1, 0, 1, 1, 2, 2, 2, 20, 12, 15, 6, 3, 15, 20, 14, 9, 11, 5, 6, 13, 5, 19, 5, 7, 12, 9, 10, 13]
[-7, -3, -3, -1, 0, 1, 1, 2, 2, 2, 3, 12, 15, 6, 20, 15, 20, 14, 9, 11, 5, 6, 13, 5, 19, 5, 7, 12, 9, 10, 13]
[-7, -3, -3, -1, 0, 1, 1, 2, 2, 2, 3, 5, 15, 6, 20, 15, 20, 14, 9, 11, 12, 6, 13, 5, 19, 5, 7, 12, 9, 10, 13]
[-7, -3, -3, -1, 0, 1, 1, 2, 2, 2, 3, 5, 5, 6, 20, 15, 20, 14, 9, 11, 12, 6, 13, 15, 19, 5, 7, 12, 9, 10, 13]
[-7, -3, -3, -1, 0, 1, 1, 2, 2, 2, 3, 5, 5, 5, 20, 15, 20, 14, 9, 11, 12, 6, 13, 15, 19, 6, 7, 12, 9, 10, 13]
[-7, -3, -3, -1, 0, 1, 1, 2, 2, 2, 3, 5, 5, 5, 6, 15, 20, 14, 9, 11, 12, 20, 13, 15, 19, 6, 7, 12, 9, 10, 13]
[-7, -3, -3, -1, 0, 1, 1, 2, 2, 2, 3, 5, 5, 5, 6, 6, 20, 14, 9, 11, 12, 20, 13, 15, 19, 15, 7, 12, 9, 10, 13]
[-7, -3, -3, -1, 0, 1, 1, 2, 2, 2, 3, 5, 5, 5, 6, 6, 7, 14, 9, 11, 12, 20, 13, 15, 19, 15, 20, 12, 9, 10, 13]
[-7, -3, -3, -1, 0, 1, 1, 2, 2, 2, 3, 5, 5, 5, 6, 6, 7, 9, 14, 11, 12, 20, 13, 15, 19, 15, 20, 12, 9, 10, 13]
[-7, -3, -3, -1, 0, 1, 1, 2, 2, 2, 3, 5, 5, 5, 6, 6, 7, 9, 9, 11, 12, 20, 13, 15, 19, 15, 20, 12, 14, 10, 13]
[-7, -3, -3, -1, 0, 1, 1, 2, 2, 2, 3, 5, 5, 5, 6, 6, 7, 9, 9, 10, 12, 20, 13, 15, 19, 15, 20, 12, 14, 11, 13]
[-7, -3, -3, -1, 0, 1, 1, 2, 2, 2, 3, 5, 5, 5, 6, 6, 7, 9, 9, 10, 11, 20, 13, 15, 19, 15, 20, 12, 14, 12, 13]
[-7, -3, -3, -1, 0, 1, 1, 2, 2, 2, 3, 5, 5, 5, 6, 6, 7, 9, 9, 10, 11, 12, 13, 15, 19, 15, 20, 20, 14, 12, 13]
[-7, -3, -3, -1, 0, 1, 1, 2, 2, 2, 3, 5, 5, 5, 6, 6, 7, 9, 9, 10, 11, 12, 12, 15, 19, 15, 20, 20, 14, 13, 13]
[-7, -3, -3, -1, 0, 1, 1, 2, 2, 2, 3, 5, 5, 5, 6, 6, 7, 9, 9, 10, 11, 12, 12, 13, 19, 15, 20, 20, 14, 15, 13]
[-7, -3, -3, -1, 0, 1, 1, 2, 2, 2, 3, 5, 5, 5, 6, 6, 7, 9, 9, 10, 11, 12, 12, 13, 13, 15, 20, 20, 14, 15, 19]
[-7, -3, -3, -1, 0, 1, 1, 2, 2, 2, 3, 5, 5, 5, 6, 6, 7, 9, 9, 10, 11, 12, 12, 13, 13, 14, 20, 20, 15, 15, 19]
[-7, -3, -3, -1, 0, 1, 1, 2, 2, 2, 3, 5, 5, 5, 6, 6, 7, 9, 9, 10, 11, 12, 12, 13, 13, 14, 15, 20, 20, 15, 19]
[-7, -3, -3, -1, 0, 1, 1, 2, 2, 2, 3, 5, 5, 5, 6, 6, 7, 9, 9, 10, 11, 12, 12, 13, 13, 14, 15, 15, 20, 20, 19]
[-7, -3, -3, -1, 0, 1, 1, 2, 2, 2, 3, 5, 5, 5, 6, 6, 7, 9, 9, 10, 11, 12, 12, 13, 13, 14, 15, 15, 19, 20, 20]
[-7, -3, -3, -1, 0, 1, 1, 2, 2, 2, 3, 5, 5, 5, 6, 6, 7, 9, 9, 10, 11, 12, 12, 13, 13, 14, 15, 15, 19, 20, 20]
[16, 6, 17, 11, -6, -4, 10, 20, -8, -8, 13, -8, 1, -8, 8, 6, -5, -9, 13, -5, 12, 18, -7, 11, 5, 18, 16, -8]
[-9, 6, 17, 11, -6, -4, 10, 20, -8, -8, 13, -8, 1, -8, 8, 6, -5, 16, 13, -5, 12, 18, -7, 11, 5, 18, 16, -8]
[-9, -8, 17, 11, -6, -4, 10, 20, 6, -8, 13, -8, 1, -8, 8, 6, -5, 16, 13, -5, 12, 18, -7, 11, 5, 18, 16, -8]
[-9, -8, -8, 11, -6, -4, 10, 20, 6, 17, 13, -8, 1, -8, 8, 6, -5, 16, 13, -5, 12, 18, -7, 11, 5, 18, 16, -8]
[-9, -8, -8, -8, -6, -4, 10, 20, 6, 17, 13, 11, 1, -8, 8, 6, -5, 16, 13, -5, 12, 18, -7, 11, 5, 18, 16, -8]
[-9, -8, -8, -8, -8, -4, 10, 20, 6, 17, 13, 11, 1, -6, 8, 6, -5, 16, 13, -5, 12, 18, -7, 11, 5, 18, 16, -8]
[-9, -8, -8, -8, -8, -8, 10, 20, 6, 17, 13, 11, 1, -6, 8, 6, -5, 16, 13, -5, 12, 18, -7, 11, 5, 18, 16, -4]
[-9, -8, -8, -8, -8, -8, -7, 20, 6, 17, 13, 11, 1, -6, 8, 6, -5, 16, 13, -5, 12, 18, 10, 11, 5, 18, 16, -4]
[-9, -8, -8, -8, -8, -8, -7, -6, 6, 17, 13, 11, 1, 20, 8, 6, -5, 16, 13, -5, 12, 18, 10, 11, 5, 18, 16, -4]
[-9, -8, -8, -8, -8, -8, -7, -6, -5, 17, 13, 11, 1, 20, 8, 6, 6, 16, 13, -5, 12, 18, 10, 11, 5, 18, 16, -4]
[-9, -8, -8, -8, -8, -8, -7, -6, -5, -5, 13, 11, 1, 20, 8, 6, 6, 16, 13, 17, 12, 18, 10, 11, 5, 18, 16, -4]
[-9, -8, -8, -8, -8, -8, -7, -6, -5, -5, -4, 11, 1, 20, 8, 6, 6, 16, 13, 17, 12, 18, 10, 11, 5, 18, 16, 13]
[-9, -8, -8, -8, -8, -8, -7, -6, -5, -5, -4, 1, 11, 20, 8, 6, 6, 16, 13, 17, 12, 18, 10, 11, 5, 18, 16, 13]
[-9, -8, -8, -8, -8, -8, -7, -6, -5, -5, -4, 1, 5, 20, 8, 6, 6, 16, 13, 17, 12, 18, 10, 11, 11, 18, 16, 13]
[-9, -8, -8, -8, -8, -8, -7, -6, -5, -5, -4, 1, 5, 6, 8, 20, 6, 16, 13, 17, 12, 18, 10, 11, 11, 18, 16, 13]
[-9, -8, -8, -8, -8, -8, -7, -6, -5, -5, -4, 1, 5, 6, 6, 20, 8, 16, 13, 17, 12, 18, 10, 11, 11, 18, 16, 13]
[-9, -8, -8, -8, -8, -8, -7, -6, -5, -5, -4, 1, 5, 6, 6, 8, 20, 16, 13, 17, 12, 18, 10, 11, 11, 18, 16, 13]
[-9, -8, -8, -8, -8, -8, -7, -6, -5, -5, -4, 1, 5, 6, 6, 8, 10, 16, 13, 17, 12, 18, 20, 11, 11, 18, 16, 13]
[-9, -8, -8, -8, -8, -8, -7, -6, -5, -5, -4, 1, 5, 6, 6, 8, 10, 11, 13, 17, 12, 18, 20, 16, 11, 18, 16, 13]
[-9, -8, -8, -8, -8, -8, -7, -6, -5, -5, -4, 1, 5, 6, 6, 8, 10, 11, 11, 17, 12, 18, 20, 16, 13, 18, 16, 13]
[-9, -8, -8, -8, -8, -8, -7, -6, -5, -5, -4, 1, 5, 6, 6, 8, 10, 11, 11, 12, 17, 18, 20, 16, 13, 18, 16, 13]
[-9, -8, -8, -8, -8, -8, -7, -6, -5, -5, -4, 1, 5, 6, 6, 8, 10, 11, 11, 12, 13, 18, 20, 16, 17, 18, 16, 13]
[-9, -8, -8, -8, -8, -8, -7, -6, -5, -5, -4, 1, 5, 6, 6, 8, 10, 11, 11, 12, 13, 13, 20, 16, 17, 18, 16, 18]
[-9, -8, -8, -8, -8, -8, -7, -6, -5, -5, -4, 1, 5, 6, 6, 8, 10, 11, 11, 12, 13, 13, 16, 20, 17, 18, 16, 18]
[-9, -8, -8, -8, -8, -8, -7, -6, -5, -5, -4, 1, 5, 6, 6, 8, 10, 11, 11, 12, 13, 13, 16, 16, 17, 18, 20, 18]
[-9, -8, -8, -8, -8, -8, -7, -6, -5, -5, -4, 1, 5, 6, 6, 8, 10, 11, 11, 12, 13, 13, 16, 16, 17, 18, 20, 18]
[-9, -8, -8, -8, -8, -8, -7, -6, -5, -5, -4, 1, 5, 6, 6, 8, 10, 11, 11, 12, 13, 13, 16, 16, 17, 18, 20, 18]
[-9, -8, -8, -8, -8, -8, -7, -6, -5, -5, -4, 1, 5, 6, 6, 8, 10, 11, 11, 12, 13, 13, 16, 16, 17, 18, 18, 20]
[-4, 16, -3, 6, 13, 20, 3, -1, 5, 2, 11, 19, 17, 16, -5, 7, 15, 6, 0, 8, 0, 17]
[-5, 16, -3, 6, 13, 20, 3, -1, 5, 2, 11, 19, 17, 16, -4, 7, 15, 6, 0, 8, 0, 17]
[-5, -4, -3, 6, 13, 20, 3, -1, 5, 2, 11, 19, 17, 16, 16, 7, 15, 6, 0, 8, 0, 17]
[-5, -4, -3, 6, 13, 20, 3, -1, 5, 2, 11, 19, 17, 16, 16, 7, 15, 6, 0, 8, 0, 17]
[-5, -4, -3, -1, 13, 20, 3, 6, 5, 2, 11, 19, 17, 16, 16, 7, 15, 6, 0, 8, 0, 17]
[-5, -4, -3, -1, 0, 20, 3, 6, 5, 2, 11, 19, 17, 16, 16, 7, 15, 6, 13, 8, 0, 17]
[-5, -4, -3, -1, 0, 0, 3, 6, 5, 2, 11, 19, 17, 16, 16, 7, 15, 6, 13, 8, 20, 17]
[-5, -4, -3, -1, 0, 0, 2, 6, 5, 3, 11, 19, 17, 16, 16, 7, 15, 6, 13, 8, 20, 17]
[-5, -4, -3, -1, 0, 0, 2, 3, 5, 6, 11, 19, 17, 16, 16, 7, 15, 6, 13, 8, 20, 17]
[-5, -4, -3, -1, 0, 0, 2, 3, 5, 6, 11, 19, 17, 16, 16, 7, 15, 6, 13, 8, 20, 17]
[-5, -4, -3, -1, 0, 0, 2, 3, 5, 6, 11, 19, 17, 16, 16, 7, 15, 6, 13, 8, 20, 17]
[-5, -4, -3, -1, 0, 0, 2, 3, 5, 6, 6, 19, 17, 16, 16, 7, 15, 11, 13, 8, 20, 17]
[-5, -4, -3, -1, 0, 0, 2, 3, 5, 6, 6, 7, 17, 16, 16, 19, 15, 11, 13, 8, 20, 17]
[-5, -4, -3, -1, 0, 0, 2, 3, 5, 6, 6, 7, 8, 16, 16, 19, 15, 11, 13, 17, 20, 17]
[-5, -4, -3, -1, 0, 0, 2, 3, 5, 6, 6, 7, 8, 11, 16, 19, 15, 16, 13, 17, 20, 17]
[-5, -4, -3, -1, 0, 0, 2, 3, 5, 6, 6, 7, 8, 11, 13, 19, 15, 16, 16, 17, 20, 17]
[-5, -4, -3, -1, 0, 0, 2, 3, 5, 6, 6, 7, 8, 11, 13, 15, 19, 16, 16, 17, 20, 17]
[-5, -4, -3, -1, 0, 0, 2, 3, 5, 6, 6, 7, 8, 11, 13, 15, 16, 19, 16, 17, 20, 17]
[-5, -4, -3, -1, 0, 0, 2, 3, 5, 6, 6, 7, 8, 11, 13, 15, 16, 16, 19, 17, 20, 17]
[-5, -4, -3, -1, 0, 0, 2, 3, 5, 6, 6, 7, 8, 11, 13, 15, 16, 16, 17, 19, 20, 17]
[-5, -4, -3, -1, 0, 0, 2, 3, 5, 6, 6, 7, 8, 11, 13, 15, 16, 16, 17, 17, 20, 19]
[-5, -4, -3, -1, 0, 0, 2, 3, 5, 6, 6, 7, 8, 11, 13, 15, 16, 16, 17, 17, 19, 20]
[3, 12, 20, -9, 4, 2, 0, 11, 4, 9, -1, 4, -9, 2, 17, 0, 14, -2, 12, -4, 17, 19, -5, 3, 19, 3, 1, 3, -5, 17, 0, 13, -8]
[-9, 12, 20, 3, 4, 2, 0, 11, 4, 9, -1, 4, -9, 2, 17, 0, 14, -2, 12, -4, 17, 19, -5, 3, 19, 3, 1, 3, -5, 17, 0, 13, -8]
[-9, -9, 20, 3, 4, 2, 0, 11, 4, 9, -1, 4, 12, 2, 17, 0, 14, -2, 12, -4, 17, 19, -5, 3, 19, 3, 1, 3, -5, 17, 0, 13, -8]
[-9, -9, -8, 3, 4, 2, 0, 11, 4, 9, -1, 4, 12, 2, 17, 0, 14, -2, 12, -4, 17, 19, -5, 3, 19, 3, 1, 3, -5, 17, 0, 13, 20]
[-9, -9, -8, -5, 4, 2, 0, 11, 4, 9, -1, 4, 12, 2, 17, 0, 14, -2, 12, -4, 17, 19, 3, 3, 19, 3, 1, 3, -5, 17, 0, 13, 20]
[-9, -9, -8, -5, -5, 2, 0, 11, 4, 9, -1, 4, 12, 2, 17, 0, 14, -2, 12, -4, 17, 19, 3, 3, 19, 3, 1, 3, 4, 17, 0, 13, 20]
[-9, -9, -8, -5, -5, -4, 0, 11, 4, 9, -1, 4, 12, 2, 17, 0, 14, -2, 12, 2, 17, 19, 3, 3, 19, 3, 1, 3, 4, 17, 0, 13, 20]
[-9, -9, -8, -5, -5, -4, -2, 11, 4, 9, -1, 4, 12, 2, 17, 0, 14, 0, 12, 2, 17, 19, 3, 3, 19, 3, 1, 3, 4, 17, 0, 13, 20]
[-9, -9, -8, -5, -5, -4, -2, -1, 4, 9, 11, 4, 12, 2, 17, 0, 14, 0, 12, 2, 17, 19, 3, 3, 19, 3, 1, 3, 4, 17, 0, 13, 20]
[-9, -9, -8, -5, -5, -4, -2, -1, 0, 9, 11, 4, 12, 2, 17, 4, 14, 0, 12, 2, 17, 19, 3, 3, 19, 3, 1, 3, 4, 17, 0, 13, 20]
[-9, -9, -8, -5, -5, -4, -2, -1, 0, 0, 11, 4, 12, 2, 17, 4, 14, 9, 12, 2, 17, 19, 3, 3, 19, 3, 1, 3, 4, 17, 0, 13, 20]
[-9, -9, -8, -5, -5, -4, -2, -1, 0, 0, 0, 4, 12, 2, 17, 4, 14, 9, 12, 2, 17, 19, 3, 3, 19, 3, 1, 3, 4, 17, 11, 13, 20]
[-9, -9, -8, -5, -5, -4, -2, -1, 0, 0, 0, 1, 12, 2, 17, 4, 14, 9, 12, 2, 17, 19, 3, 3, 19, 3, 4, 3, 4, 17, 11, 13, 20]
[-9, -9, -8, -5, -5, -4, -2, -1, 0, 0, 0, 1, 2, 12, 17, 4, 14, 9, 12, 2, 17, 19, 3, 3, 19, 3, 4, 3, 4, 17, 11, 13, 20]
[-9, -9, -8, -5, -5, -4, -2, -1, 0, 0, 0, 1, 2, 2, 17, 4, 14, 9, 12, 12, 17, 19, 3, 3, 19, 3, 4, 3, 4, 17, 11, 13, 20]
[-9, -9, -8, -5, -5, -4, -2, -1, 0, 0, 0, 1, 2, 2, 3, 4, 14, 9, 12, 12, 17, 19, 17, 3, 19, 3, 4, 3, 4, 17, 11, 13, 20]
[-9, -9, -8, -5, -5, -4, -2, -1, 0, 0, 0, 1, 2, 2, 3, 3, 14, 9, 12, 12, 17, 19, 17, 4, 19, 3, 4, 3, 4, 17, 11, 13, 20]
[-9, -9, -8, -5, -5, -4, -2, -1, 0, 0, 0, 1, 2, 2, 3, 3, 3, 9, 12, 12, 17, 19, 17, 4, 19, 14, 4, 3, 4, 17, 11, 13, 20]
[-9, -9, -8, -5, -5, -4, -2, -1, 0, 0, 0, 1, 2, 2, 3, 3, 3, 3, 12, 12, 17, 19, 17, 4, 19, 14, 4, 9, 4, 17, 11, 13, 20]
[-9, -9, -8, -5, -5, -4, -2, -1, 0, 0, 0, 1, 2, 2, 3, 3, 3, 3, 4, 12, 17, 19, 17, 12, 19, 14, 4, 9, 4, 17, 11, 13, 20]
[-9, -9, -8, -5, -5, -4, -2, -1, 0, 0, 0, 1, 2, 2, 3, 3, 3, 3, 4, 4, 17, 19, 17, 12, 19, 14, 12, 9, 4, 17, 11, 13, 20]
[-9, -9, -8, -5, -5, -4, -2, -1, 0, 0, 0, 1, 2, 2, 3, 3, 3, 3, 4, 4, 4, 19, 17, 12, 19, 14, 12, 9, 17, 17, 11, 13, 20]
[-9, -9, -8, -5, -5, -4, -2, -1, 0, 0, 0, 1, 2, 2, 3, 3, 3, 3, 4, 4, 4, 9, 17, 12, 19, 14, 12, 19, 17, 17, 11, 13, 20]
[-9, -9, -8, -5, -5, -4, -2, -1, 0, 0, 0, 1, 2, 2, 3, 3, 3, 3, 4, 4, 4, 9, 11, 12, 19, 14, 12, 19, 17, 17, 17, 13, 20]
[-9, -9, -8, -5, -5, -4, -2, -1, 0, 0, 0, 1, 2, 2, 3, 3, 3, 3, 4, 4, 4, 9, 11, 12, 19, 14, 12, 19, 17, 17, 17, 13, 20]
[-9, -9, -8, -5, -5, -4, -2, -1, 0, 0, 0, 1, 2, 2, 3, 3, 3, 3, 4, 4, 4, 9, 11, 12, 12, 14, 19, 19, 17, 17, 17, 13, 20]
[-9, -9, -8, -5, -5, -4, -2, -1, 0, 0, 0, 1, 2, 2, 3, 3, 3, 3, 4, 4, 4, 9, 11, 12, 12, 13, 19, 19, 17, 17, 17, 14, 20]
[-9, -9, -8, -5, -5, -4, -2, -1, 0, 0, 0, 1, 2, 2, 3, 3, 3, 3, 4, 4, 4, 9, 11, 12, 12, 13, 14, 19, 17, 17, 17, 19, 20]
[-9, -9, -8, -5, -5, -4, -2, -1, 0, 0, 0, 1, 2, 2, 3, 3, 3, 3, 4, 4, 4, 9, 11, 12, 12, 13, 14, 17, 19, 17, 17, 19, 20]
[-9, -9, -8, -5, -5, -4, -2, -1, 0, 0, 0, 1, 2, 2, 3, 3, 3, 3, 4, 4, 4, 9, 11, 12, 12, 13, 14, 17, 17, 19, 17, 19, 20]
[-9, -9, -8, -5, -5, -4, -2, -1, 0, 0, 0, 1, 2, 2, 3, 3, 3, 3, 4, 4, 4, 9, 11, 12, 12, 13, 14, 17, 17, 17, 19, 19, 20]
[-9, -9, -8, -5, -5, -4, -2, -1, 0, 0, 0, 1, 2, 2, 3, 3, 3, 3, 4, 4, 4, 9, 11, 12, 12, 13, 14, 17, 17, 17, 19, 19, 20]
[-9, -9, -8, -5, -5, -4, -2, -1, 0, 0, 0, 1, 2, 2, 3, 3, 3, 3, 4, 4, 4, 9, 11, 12, 12, 13, 14, 17, 17, 17, 19, 19, 20]
[18, 0, -4, -1, 4, 9, -7, 9, 20, -5, 1, 12, -9, -1, 13, 18, 10, -8, -2, -2, 11, 1, 4, -3, 5, 5, 15, 13, 16, -7, 17]
[-9, 0, -4, -1, 4, 9, -7, 9, 20, -5, 1, 12, 18, -1, 13, 18, 10, -8, -2, -2, 11, 1, 4, -3, 5, 5, 15, 13, 16, -7, 17]
[-9, -8, -4, -1, 4, 9, -7, 9, 20, -5, 1, 12, 18, -1, 13, 18, 10, 0, -2, -2, 11, 1, 4, -3, 5, 5, 15, 13, 16, -7, 17]
[-9, -8, -7, -1, 4, 9, -4, 9, 20, -5, 1, 12, 18, -1, 13, 18, 10, 0, -2, -2, 11, 1, 4, -3, 5, 5, 15, 13, 16, -7, 17]
[-9, -8, -7, -7, 4, 9, -4, 9, 20, -5, 1, 12, 18, -1, 13, 18, 10, 0, -2, -2, 11, 1, 4, -3, 5, 5, 15, 13, 16, -1, 17]
[-9, -8, -7, -7, -5, 9, -4, 9, 20, 4, 1, 12, 18, -1, 13, 18, 10, 0, -2, -2, 11, 1, 4, -3, 5, 5, 15, 13, 16, -1, 17]
[-9, -8, -7, -7, -5, -4, 9, 9, 20, 4, 1, 12, 18, -1, 13, 18, 10, 0, -2, -2, 11, 1, 4, -3, 5, 5, 15, 13, 16, -1, 17]
[-9, -8, -7, -7, -5, -4, -3, 9, 20, 4, 1, 12, 18, -1, 13, 18, 10, 0, -2, -2, 11, 1, 4, 9, 5, 5, 15, 13, 16, -1, 17]
[-9, -8, -7, -7, -5, -4, -3, -2, 20, 4, 1, 12, 18, -1, 13, 18, 10, 0, 9, -2, 11, 1, 4, 9, 5, 5, 15, 13, 16, -1, 17]
[-9, -8, -7, -7, -5, -4, -3, -2, -2, 4, 1, 12, 18, -1, 13, 18, 10, 0, 9, 20, 11, 1, 4, 9, 5, 5, 15, 13, 16, -1, 17]
[-9, -8, -7, -7, -5, -4, -3, -2, -2, -1, 1, 12, 18, 4, 13, 18, 10, 0, 9, 20, 11, 1, 4, 9, 5, 5, 15, 13, 16, -1, 17]
[-9, -8, -7, -7, -5, -4, -3, -2, -2, -1, -1, 12, 18, 4, 13, 18, 10, 0, 9, 20, 11, 1, 4, 9, 5, 5, 15, 13, 16, 1, 17]
[-9, -8, -7, -7, -5, -4, -3, -2, -2, -1, -1, 0, 18, 4, 13, 18, 10, 12, 9, 20, 11, 1, 4, 9, 5, 5, 15, 13, 16, 1, 17]
[-9, -8, -7, -7, -5, -4, -3, -2, -2, -1, -1, 0, 1, 4, 13, 18, 10, 12, 9, 20, 11, 18, 4, 9, 5, 5, 15, 13, 16, 1, 17]
[-9, -8, -7, -7, -5, -4, -3, -2, -2, -1, -1, 0, 1, 1, 13, 18, 10, 12, 9, 20, 11, 18, 4, 9, 5, 5, 15, 13, 16, 4, 17]
[-9, -8, -7, -7, -5, -4, -3, -2, -2, -1, -1, 0, 1, 1, 4, 18, 10, 12, 9, 20, 11, 18, 13, 9, 5, 5, 15, 13, 16, 4, 17]
[-9, -8, -7, -7, -5, -4, -3, -2, -2, -1, -1, 0, 1, 1, 4, 4, 10, 12, 9, 20, 11, 18, 13, 9, 5, 5, 15, 13, 16, 18, 17]
[-9, -8, -7, -7, -5, -4, -3, -2, -2, -1, -1, 0, 1, 1, 4, 4, 5, 12, 9, 20, 11, 18, 13, 9, 10, 5, 15, 13, 16, 18, 17]
[-9, -8, -7, -7, -5, -4, -3, -2, -2, -1, -1, 0, 1, 1, 4, 4, 5, 5, 9, 20, 11, 18, 13, 9, 10, 12, 15, 13, 16, 18, 17]
[-9, -8, -7, -7, -5, -4, -3, -2, -2, -1, -1, 0, 1, 1, 4, 4, 5, 5, 9, 20, 11, 18, 13, 9, 10, 12, 15, 13, 16, 18, 17]
[-9, -8, -7, -7, -5, -4, -3, -2, -2, -1, -1, 0, 1, 1, 4, 4, 5, 5, 9, 9, 11, 18, 13, 20, 10, 12, 15, 13, 16, 18, 17]
[-9, -8, -7, -7, -5, -4, -3, -2, -2, -1, -1, 0, 1, 1, 4, 4, 5, 5, 9, 9, 10, 18, 13, 20, 11, 12, 15, 13, 16, 18, 17]
[-9, -8, -7, -7, -5, -4, -3, -2, -2, -1, -1, 0, 1, 1, 4, 4, 5, 5, 9, 9, 10, 11, 13, 20, 18, 12, 15, 13, 16, 18, 17]
[-9, -8, -7, -7, -5, -4, -3, -2, -2, -1, -1, 0, 1, 1, 4, 4, 5, 5, 9, 9, 10, 11, 12, 20, 18, 13, 15, 13, 16, 18, 17]
[-9, -8, -7, -7, -5, -4, -3, -2, -2, -1, -1, 0, 1, 1, 4, 4, 5, 5, 9, 9, 10, 11, 12, 13, 18, 20, 15, 13, 16, 18, 17]
[-9, -8, -7, -7, -5, -4, -3, -2, -2, -1, -1, 0, 1, 1, 4, 4, 5, 5, 9, 9, 10, 11, 12, 13, 13, 20, 15, 18, 16, 18, 17]
[-9, -8, -7, -7, -5, -4, -3, -2, -2, -1, -1, 0, 1, 1, 4, 4, 5, 5, 9, 9, 10, 11, 12, 13, 13, 15, 20, 18, 16, 18, 17]
[-9, -8, -7, -7, -5, -4, -3, -2, -2, -1, -1, 0, 1, 1, 4, 4, 5, 5, 9, 9, 10, 11, 12, 13, 13, 15, 16, 18, 20, 18, 17]
[-9, -8, -7, -7, -5, -4, -3, -2, -2, -1, -1, 0, 1, 1, 4, 4, 5, 5, 9, 9, 10, 11, 12, 13, 13, 15, 16, 17, 20, 18, 18]
[-9, -8, -7, -7, -5, -4, -3, -2, -2, -1, -1, 0, 1, 1, 4, 4, 5, 5, 9, 9, 10, 11, 12, 13, 13, 15, 16, 17, 18, 20, 18]
[-9, -8, -7, -7, -5, -4, -3, -2, -2, -1, -1, 0, 1, 1, 4, 4, 5, 5, 9, 9, 10, 11, 12, 13, 13, 15, 16, 17, 18, 18, 20]
[18, -6, -5, -4, -6, 17, -5, -5, 1, 1, 5, -1, 7, 10, 19, -6, 2, 13, 10, 17, -4, 7, -3, -7, -4, -4, 12, 4, 16, 20]
[-7, -6, -5, -4, -6, 17, -5, -5, 1, 1, 5, -1, 7, 10, 19, -6, 2, 13, 10, 17, -4, 7, -3, 18, -4, -4, 12, 4, 16, 20]
[-7, -6, -5, -4, -6, 17, -5, -5, 1, 1, 5, -1, 7, 10, 19, -6, 2, 13, 10, 17, -4, 7, -3, 18, -4, -4, 12, 4, 16, 20]
[-7, -6, -6, -4, -5, 17, -5, -5, 1, 1, 5, -1, 7, 10, 19, -6, 2, 13, 10, 17, -4, 7, -3, 18, -4, -4, 12, 4, 16, 20]
[-7, -6, -6, -6, -5, 17, -5, -5, 1, 1, 5, -1, 7, 10, 19, -4, 2, 13, 10, 17, -4, 7, -3, 18, -4, -4, 12, 4, 16, 20]
[-7, -6, -6, -6, -5, 17, -5, -5, 1, 1, 5, -1, 7, 10, 19, -4, 2, 13, 10, 17, -4, 7, -3, 18, -4, -4, 12, 4, 16, 20]
[-7, -6, -6, -6, -5, -5, 17, -5, 1, 1, 5, -1, 7, 10, 19, -4, 2, 13, 10, 17, -4, 7, -3, 18, -4, -4, 12, 4, 16, 20]
[-7, -6, -6, -6, -5, -5, -5, 17, 1, 1, 5, -1, 7, 10, 19, -4, 2, 13, 10, 17, -4, 7, -3, 18, -4, -4, 12, 4, 16, 20]
[-7, -6, -6, -6, -5, -5, -5, -4, 1, 1, 5, -1, 7, 10, 19, 17, 2, 13, 10, 17, -4, 7, -3, 18, -4, -4, 12, 4, 16, 20]
[-7, -6, -6, -6, -5, -5, -5, -4, -4, 1, 5, -1, 7, 10, 19, 17, 2, 13, 10, 17, 1, 7, -3, 18, -4, -4, 12, 4, 16, 20]
[-7, -6, -6, -6, -5, -5, -5, -4, -4, -4, 5, -1, 7, 10, 19, 17, 2, 13, 10, 17, 1, 7, -3, 18, 1, -4, 12, 4, 16, 20]
[-7, -6, -6, -6, -5, -5, -5, -4, -4, -4, -4, -1, 7, 10, 19, 17, 2, 13, 10, 17, 1, 7, -3, 18, 1, 5, 12, 4, 16, 20]
[-7, -6, -6, -6, -5, -5, -5, -4, -4, -4, -4, -3, 7, 10, 19, 17, 2, 13, 10, 17, 1, 7, -1, 18, 1, 5, 12, 4, 16, 20]
[-7, -6, -6, -6, -5, -5, -5, -4, -4, -4, -4, -3, -1, 10, 19, 17, 2, 13, 10, 17, 1, 7, 7, 18, 1, 5, 12, 4, 16, 20]
[-7, -6, -6, -6, -5, -5, -5, -4, -4, -4, -4, -3, -1, 1, 19, 17, 2, 13, 10, 17, 10, 7, 7, 18, 1, 5, 12, 4, 16, 20]
[-7, -6, -6, -6, -5, -5, -5, -4, -4, -4, -4, -3, -1, 1, 1, 17, 2, 13, 10, 17, 10, 7, 7, 18, 19, 5, 12, 4, 16, 20]
[-7, -6, -6, -6, -5, -5, -5, -4, -4, -4, -4, -3, -1, 1, 1, 2, 17, 13, 10, 17, 10, 7, 7, 18, 19, 5, 12, 4, 16, 20]
[-7, -6, -6, -6, -5, -5, -5, -4, -4, -4, -4, -3, -1, 1, 1, 2, 4, 13, 10, 17, 10, 7, 7, 18, 19, 5, 12, 17, 16, 20]
[-7, -6, -6, -6, -5, -5, -5, -4, -4, -4, -4, -3, -1, 1, 1, 2, 4, 5, 10, 17, 10, 7, 7, 18, 19, 13, 12, 17, 16, 20]
[-7, -6, -6, -6, -5, -5, -5, -4, -4, -4, -4, -3, -1, 1, 1, 2, 4, 5, 7, 17, 10, 10, 7, 18, 19, 13, 12, 17, 16, 20]
[-7, -6, -6, -6, -5, -5, -5, -4, -4, -4, -4, -3, -1, 1, 1, 2, 4, 5, 7, 7, 10, 10, 17, 18, 19, 13, 12, 17, 16, 20]
[-7, -6, -6, -6, -5, -5, -5, -4, -4, -4, -4, -3, -1, 1, 1, 2, 4, 5, 7, 7, 10, 10, 17, 18, 19, 13, 12, 17, 16, 20]
[-7, -6, -6, -6, -5, -5, -5, -4, -4, -4, -4, -3, -1, 1, 1, 2, 4, 5, 7, 7, 10, 10, 17, 18, 19, 13, 12, 17, 16, 20]
[-7, -6, -6, -6, -5, -5, -5, -4, -4, -4, -4, -3, -1, 1, 1, 2, 4, 5, 7, 7, 10, 10, 12, 18, 19, 13, 17, 17, 16, 20]
[-7, -6, -6, -6, -5, -5, -5, -4, -4, -4, -4, -3, -1, 1, 1, 2, 4, 5, 7, 7, 10, 10, 12, 13, 19, 18, 17, 17, 16, 20]
[-7, -6, -6, -6, -5, -5, -5, -4, -4, -4, -4, -3, -1, 1, 1, 2, 4, 5, 7, 7, 10, 10, 12, 13, 16, 18, 17, 17, 19, 20]
[-7, -6, -6, -6, -5, -5, -5, -4, -4, -4, -4, -3, -1, 1, 1, 2, 4, 5, 7, 7, 10, 10, 12, 13, 16, 17, 18, 17, 19, 20]
[-7, -6, -6, -6, -5, -5, -5, -4, -4, -4, -4, -3, -1, 1, 1, 2, 4, 5, 7, 7, 10, 10, 12, 13, 16, 17, 17, 18, 19, 20]
[-7, -6, -6, -6, -5, -5, -5, -4, -4, -4, -4, -3, -1, 1, 1, 2, 4, 5, 7, 7, 10, 10, 12, 13, 16, 17, 17, 18, 19, 20]
[-7, -6, -6, -6, -5, -5, -5, -4, -4, -4, -4, -3, -1, 1, 1, 2, 4, 5, 7, 7, 10, 10, 12, 13, 16, 17, 17, 18, 19, 20]
[12, 16, 9, 19, -3, 2, 6, 8, -6, 14, 11, 13, 12, -2, -1, 18, 16, -6, -9, 5, 7, 15, 2, -8]
[-9, 16, 9, 19, -3, 2, 6, 8, -6, 14, 11, 13, 12, -2, -1, 18, 16, -6, 12, 5, 7, 15, 2, -8]
[-9, -8, 9, 19, -3, 2, 6, 8, -6, 14, 11, 13, 12, -2, -1, 18, 16, -6, 12, 5, 7, 15, 2, 16]
[-9, -8, -6, 19, -3, 2, 6, 8, 9, 14, 11, 13, 12, -2, -1, 18, 16, -6, 12, 5, 7, 15, 2, 16]
[-9, -8, -6, -6, -3, 2, 6, 8, 9, 14, 11, 13, 12, -2, -1, 18, 16, 19, 12, 5, 7, 15, 2, 16]
[-9, -8, -6, -6, -3, 2, 6, 8, 9, 14, 11, 13, 12, -2, -1, 18, 16, 19, 12, 5, 7, 15, 2, 16]
[-9, -8, -6, -6, -3, -2, 6, 8, 9, 14, 11, 13, 12, 2, -1, 18, 16, 19, 12, 5, 7, 15, 2, 16]
[-9, -8, -6, -6, -3, -2, -1, 8, 9, 14, 11, 13, 12, 2, 6, 18, 16, 19, 12, 5, 7, 15, 2, 16]
[-9, -8, -6, -6, -3, -2, -1, 2, 9, 14, 11, 13, 12, 8, 6, 18, 16, 19, 12, 5, 7, 15, 2, 16]
[-9, -8, -6, -6, -3, -2, -1, 2, 2, 14, 11, 13, 12, 8, 6, 18, 16, 19, 12, 5, 7, 15, 9, 16]
[-9, -8, -6, -6, -3, -2, -1, 2, 2, 5, 11, 13, 12, 8, 6, 18, 16, 19, 12, 14, 7, 15, 9, 16]
[-9, -8, -6, -6, -3, -2, -1, 2, 2, 5, 6, 13, 12, 8, 11, 18, 16, 19, 12, 14, 7, 15, 9, 16]
[-9, -8, -6, -6, -3, -2, -1, 2, 2, 5, 6, 7, 12, 8, 11, 18, 16, 19, 12, 14, 13, 15, 9, 16]
[-9, -8, -6, -6, -3, -2, -1, 2, 2, 5, 6, 7, 8, 12, 11, 18, 16, 19, 12, 14, 13, 15, 9, 16]
[-9, -8, -6, -6, -3, -2, -1, 2, 2, 5, 6, 7, 8, 9, 11, 18, 16, 19, 12, 14, 13, 15, 12, 16]
[-9, -8, -6, -6, -3, -2, -1, 2, 2, 5, 6, 7, 8, 9, 11, 18, 16, 19, 12, 14, 13, 15, 12, 16]
[-9, -8, -6, -6, -3, -2, -1, 2, 2, 5, 6, 7, 8, 9, 11, 12, 16, 19, 18, 14, 13, 15, 12, 16]
[-9, -8, -6, -6, -3, -2, -1, 2, 2, 5, 6, 7, 8, 9, 11, 12, 12, 19, 18, 14, 13, 15, 16, 16]
[-9, -8, -6, -6, -3, -2, -1, 2, 2, 5, 6, 7, 8, 9, 11, 12, 12, 13, 18, 14, 19, 15, 16, 16]
[-9, -8, -6, -6, -3, -2, -1, 2, 2, 5, 6, 7, 8, 9, 11, 12, 12, 13, 14, 18, 19, 15, 16, 16]
[-9, -8, -6, -6, -3, -2, -1, 2, 2, 5, 6, 7, 8, 9, 11, 12, 12, 13, 14, 15, 19, 18, 16, 16]
[-9, -8, -6, -6, -3, -2, -1, 2, 2, 5, 6, 7, 8, 9, 11, 12, 12, 13, 14, 15, 16, 18, 19, 16]
[-9, -8, -6, -6, -3, -2, -1, 2, 2, 5, 6, 7, 8, 9, 11, 12, 12, 13, 14, 15, 16, 16, 19, 18]
[-9, -8, -6, -6, -3, -2, -1, 2, 2, 5, 6, 7, 8, 9, 11, 12, 12, 13, 14, 15, 16, 16, 18, 19]
[-8, 4, 8, 3, 18, 1, 3, 8, 20, 5, -8, -4, 9, 2, 18, -9, -2, -1, 8, 17, 4, -1, 20, 3, 4, -7, 0, 12, -3, 15, -4, 12, 3, 15, -6, 16, 14, 19, 16]
[-9, 4, 8, 3, 18, 1, 3, 8, 20, 5, -8, -4, 9, 2, 18, -8, -2, -1, 8, 17, 4, -1, 20, 3, 4, -7, 0, 12, -3, 15, -4, 12, 3, 15, -6, 16, 14, 19, 16]
[-9, -8, 8, 3, 18, 1, 3, 8, 20, 5, 4, -4, 9, 2, 18, -8, -2, -1, 8, 17, 4, -1, 20, 3, 4, -7, 0, 12, -3, 15, -4, 12, 3, 15, -6, 16, 14, 19, 16]
[-9, -8, -8, 3, 18, 1, 3, 8, 20, 5, 4, -4, 9, 2, 18, 8, -2, -1, 8, 17, 4, -1, 20, 3, 4, -7, 0, 12, -3, 15, -4, 12, 3, 15, -6, 16, 14, 19, 16]
[-9, -8, -8, -7, 18, 1, 3, 8, 20, 5, 4, -4, 9, 2, 18, 8, -2, -1, 8, 17, 4, -1, 20, 3, 4, 3, 0, 12, -3, 15, -4, 12, 3, 15, -6, 16, 14, 19, 16]
[-9, -8, -8, -7, -6, 1, 3, 8, 20, 5, 4, -4, 9, 2, 18, 8, -2, -1, 8, 17, 4, -1, 20, 3, 4, 3, 0, 12, -3, 15, -4, 12, 3, 15, 18, 16, 14, 19, 16]
[-9, -8, -8, -7, -6, -4, 3, 8, 20, 5, 4, 1, 9, 2, 18, 8, -2, -1, 8, 17, 4, -1, 20, 3, 4, 3, 0, 12, -3, 15, -4, 12, 3, 15, 18, 16, 14, 19, 16]
[-9, -8, -8, -7, -6, -4, -4, 8, 20, 5, 4, 1, 9, 2, 18, 8, -2, -1, 8, 17, 4, -1, 20, 3, 4, 3, 0, 12, -3, 15, 3, 12, 3, 15, 18, 16, 14, 19, 16]
[-9, -8, -8, -7, -6, -4, -4, -3, 20, 5, 4, 1, 9, 2, 18, 8, -2, -1, 8, 17, 4, -1, 20, 3, 4, 3, 0, 12, 8, 15, 3, 12, 3, 15, 18, 16, 14, 19, 16]
[-9, -8, -8, -7, -6, -4, -4, -3, -2, 5, 4, 1, 9, 2, 18, 8, 20, -1, 8, 17, 4, -1, 20, 3, 4, 3, 0, 12, 8, 15, 3, 12, 3, 15, 18, 16, 14, 19, 16]
[-9, -8, -8, -7, -6, -4, -4, -3, -2, -1, 4, 1, 9, 2, 18, 8, 20, 5, 8, 17, 4, -1, 20, 3, 4, 3, 0, 12, 8, 15, 3, 12, 3, 15, 18, 16, 14, 19, 16]
[-9, -8, -8, -7, -6, -4, -4, -3, -2, -1, -1, 1, 9, 2, 18, 8, 20, 5, 8, 17, 4, 4, 20, 3, 4, 3, 0, 12, 8, 15, 3, 12, 3, 15, 18, 16, 14, 19, 16]
[-9, -8, -8, -7, -6, -4, -4, -3, -2, -1, -1, 0, 9, 2, 18, 8, 20, 5, 8, 17, 4, 4, 20, 3, 4, 3, 1, 12, 8, 15, 3, 12, 3, 15, 18, 16, 14, 19, 16]
[-9, -8, -8, -7, -6, -4, -4, -3, -2, -1, -1, 0, 1, 2, 18, 8, 20, 5, 8, 17, 4, 4, 20, 3, 4, 3, 9, 12, 8, 15, 3, 12, 3, 15, 18, 16, 14, 19, 16]
[-9, -8, -8, -7, -6, -4, -4, -3, -2, -1, -1, 0, 1, 2, 18, 8, 20, 5, 8, 17, 4, 4, 20, 3, 4, 3, 9, 12, 8, 15, 3, 12, 3, 15, 18, 16, 14, 19, 16]
[-9, -8, -8, -7, -6, -4, -4, -3, -2, -1, -1, 0, 1, 2, 3, 8, 20, 5, 8, 17, 4, 4, 20, 18, 4, 3, 9, 12, 8, 15, 3, 12, 3, 15, 18, 16, 14, 19, 16]
[-9, -8, -8, -7, -6, -4, -4, -3, -2, -1, -1, 0, 1, 2, 3, 3, 20, 5, 8, 17, 4, 4, 20, 18, 4, 8, 9, 12, 8, 15, 3, 12, 3, 15, 18, 16, 14, 19, 16]
[-9, -8, -8, -7, -6, -4, -4, -3, -2, -1, -1, 0, 1, 2, 3, 3, 3, 5, 8, 17, 4, 4, 20, 18, 4, 8, 9, 12, 8, 15, 20, 12, 3, 15, 18, 16, 14, 19, 16]
[-9, -8, -8, -7, -6, -4, -4, -3, -2, -1, -1, 0, 1, 2, 3, 3, 3, 3, 8, 17, 4, 4, 20, 18, 4, 8, 9, 12, 8, 15, 20, 12, 5, 15, 18, 16, 14, 19, 16]
[-9, -8, -8, -7, -6, -4, -4, -3, -2, -1, -1, 0, 1, 2, 3, 3, 3, 3, 4, 17, 8, 4, 20, 18, 4, 8, 9, 12, 8, 15, 20, 12, 5, 15, 18, 16, 14, 19, 16]
[-9, -8, -8, -7, -6, -4, -4, -3, -2, -1, -1, 0, 1, 2, 3, 3, 3, 3, 4, 4, 8, 17, 20, 18, 4, 8, 9, 12, 8, 15, 20, 12, 5, 15, 18, 16, 14, 19, 16]
[-9, -8, -8, -7, -6, -4, -4, -3, -2, -1, -1, 0, 1, 2, 3, 3, 3, 3, 4, 4, 4, 17, 20, 18, 8, 8, 9, 12, 8, 15, 20, 12, 5, 15, 18, 16, 14, 19, 16]
[-9, -8, -8, -7, -6, -4, -4, -3, -2, -1, -1, 0, 1, 2, 3, 3, 3, 3, 4, 4, 4, 5, 20, 18, 8, 8, 9, 12, 8, 15, 20, 12, 17, 15, 18, 16, 14, 19, 16]
[-9, -8, -8, -7, -6, -4, -4, -3, -2, -1, -1, 0, 1, 2, 3, 3, 3, 3, 4, 4, 4, 5, 8, 18, 20, 8, 9, 12, 8, 15, 20, 12, 17, 15, 18, 16, 14, 19, 16]
[-9, -8, -8, -7, -6, -4, -4, -3, -2, -1, -1, 0, 1, 2, 3, 3, 3, 3, 4, 4, 4, 5, 8, 8, 20, 18, 9, 12, 8, 15, 20, 12, 17, 15, 18, 16, 14, 19, 16]
[-9, -8, -8, -7, -6, -4, -4, -3, -2, -1, -1, 0, 1, 2, 3, 3, 3, 3, 4, 4, 4, 5, 8, 8, 8, 18, 9, 12, 20, 15, 20, 12, 17, 15, 18, 16, 14, 19, 16]
[-9, -8, -8, -7, -6, -4, -4, -3, -2, -1, -1, 0, 1, 2, 3, 3, 3, 3, 4, 4, 4, 5, 8, 8, 8, 9, 18, 12, 20, 15, 20, 12, 17, 15, 18, 16, 14, 19, 16]
[-9, -8, -8, -7, -6, -4, -4, -3, -2, -1, -1, 0, 1, 2, 3, 3, 3, 3, 4, 4, 4, 5, 8, 8, 8, 9, 12, 18, 20, 15, 20, 12, 17, 15, 18, 16, 14, 19, 16]
[-9, -8, -8, -7, -6, -4, -4, -3, -2, -1, -1, 0, 1, 2, 3, 3, 3, 3, 4, 4, 4, 5, 8, 8, 8, 9, 12, 12, 20, 15, 20, 18, 17, 15, 18, 16, 14, 19, 16]
[-9, -8, -8, -7, -6, -4, -4, -3, -2, -1, -1, 0, 1, 2, 3, 3, 3, 3, 4, 4, 4, 5, 8, 8, 8, 9, 12, 12, 14, 15, 20, 18, 17, 15, 18, 16, 20, 19, 16]
[-9, -8, -8, -7, -6, -4, -4, -3, -2, -1, -1, 0, 1, 2, 3, 3, 3, 3, 4, 4, 4, 5, 8, 8, 8, 9, 12, 12, 14, 15, 20, 18, 17, 15, 18, 16, 20, 19, 16]
[-9, -8, -8, -7, -6, -4, -4, -3, -2, -1, -1, 0, 1, 2, 3, 3, 3, 3, 4, 4, 4, 5, 8, 8, 8, 9, 12, 12, 14, 15, 15, 18, 17, 20, 18, 16, 20, 19, 16]
[-9, -8, -8, -7, -6, -4, -4, -3, -2, -1, -1, 0, 1, 2, 3, 3, 3, 3, 4, 4, 4, 5, 8, 8, 8, 9, 12, 12, 14, 15, 15, 16, 17, 20, 18, 18, 20, 19, 16]
[-9, -8, -8, -7, -6, -4, -4, -3, -2, -1, -1, 0, 1, 2, 3, 3, 3, 3, 4, 4, 4, 5, 8, 8, 8, 9, 12, 12, 14, 15, 15, 16, 16, 20, 18, 18, 20, 19, 17]
[-9, -8, -8, -7, -6, -4, -4, -3, -2, -1, -1, 0, 1, 2, 3, 3, 3, 3, 4, 4, 4, 5, 8, 8, 8, 9, 12, 12, 14, 15, 15, 16, 16, 17, 18, 18, 20, 19, 20]
[-9, -8, -8, -7, -6, -4, -4, -3, -2, -1, -1, 0, 1, 2, 3, 3, 3, 3, 4, 4, 4, 5, 8, 8, 8, 9, 12, 12, 14, 15, 15, 16, 16, 17, 18, 18, 20, 19, 20]
[-9, -8, -8, -7, -6, -4, -4, -3, -2, -1, -1, 0, 1, 2, 3, 3, 3, 3, 4, 4, 4, 5, 8, 8, 8, 9, 12, 12, 14, 15, 15, 16, 16, 17, 18, 18, 20, 19, 20]
[-9, -8, -8, -7, -6, -4, -4, -3, -2, -1, -1, 0, 1, 2, 3, 3, 3, 3, 4, 4, 4, 5, 8, 8, 8, 9, 12, 12, 14, 15, 15, 16, 16, 17, 18, 18, 19, 20, 20]
[-9, -8, -8, -7, -6, -4, -4, -3, -2, -1, -1, 0, 1, 2, 3, 3, 3, 3, 4, 4, 4, 5, 8, 8, 8, 9, 12, 12, 14, 15, 15, 16, 16, 17, 18, 18, 19, 20, 20]
[-3, 19, -3, 0, -3, 16, 3, 19, -7, -1, -8, 3, 20, 15, 4, -7, 15, 11, 19, 13, -6, 14, -6, 16, -4, 6, 8, 14, 5, 4, -3, 2, 17, 0, -1]
[-8, 19, -3, 0, -3, 16, 3, 19, -7, -1, -3, 3, 20, 15, 4, -7, 15, 11, 19, 13, -6, 14, -6, 16, -4, 6, 8, 14, 5, 4, -3, 2, 17, 0, -1]
[-8, -7, -3, 0, -3, 16, 3, 19, 19, -1, -3, 3, 20, 15, 4, -7, 15, 11, 19, 13, -6, 14, -6, 16, -4, 6, 8, 14, 5, 4, -3, 2, 17, 0, -1]
[-8, -7, -7, 0, -3, 16, 3, 19, 19, -1, -3, 3, 20, 15, 4, -3, 15, 11, 19, 13, -6, 14, -6, 16, -4, 6, 8, 14, 5, 4, -3, 2, 17, 0, -1]
[-8, -7, -7, -6, -3, 16, 3, 19, 19, -1, -3, 3, 20, 15, 4, -3, 15, 11, 19, 13, 0, 14, -6, 16, -4, 6, 8, 14, 5, 4, -3, 2, 17, 0, -1]
[-8, -7, -7, -6, -6, 16, 3, 19, 19, -1, -3, 3, 20, 15, 4, -3, 15, 11, 19, 13, 0, 14, -3, 16, -4, 6, 8, 14, 5, 4, -3, 2, 17, 0, -1]
[-8, -7, -7, -6, -6, -4, 3, 19, 19, -1, -3, 3, 20, 15, 4, -3, 15, 11, 19, 13, 0, 14, -3, 16, 16, 6, 8, 14, 5, 4, -3, 2, 17, 0, -1]
[-8, -7, -7, -6, -6, -4, -3, 19, 19, -1, 3, 3, 20, 15, 4, -3, 15, 11, 19, 13, 0, 14, -3, 16, 16, 6, 8, 14, 5, 4, -3, 2, 17, 0, -1]
[-8, -7, -7, -6, -6, -4, -3, -3, 19, -1, 3, 3, 20, 15, 4, 19, 15, 11, 19, 13, 0, 14, -3, 16, 16, 6, 8, 14, 5, 4, -3, 2, 17, 0, -1]
[-8, -7, -7, -6, -6, -4, -3, -3, -3, -1, 3, 3, 20, 15, 4, 19, 15, 11, 19, 13, 0, 14, 19, 16, 16, 6, 8, 14, 5, 4, -3, 2, 17, 0, -1]
[-8, -7, -7, -6, -6, -4, -3, -3, -3, -3, 3, 3, 20, 15, 4, 19, 15, 11, 19, 13, 0, 14, 19, 16, 16, 6, 8, 14, 5, 4, -1, 2, 17, 0, -1]
[-8, -7, -7, -6, -6, -4, -3, -3, -3, -3, -1, 3, 20, 15, 4, 19, 15, 11, 19, 13, 0, 14, 19, 16, 16, 6, 8, 14, 5, 4, 3, 2, 17, 0, -1]
[-8, -7, -7, -6, -6, -4, -3, -3, -3, -3, -1, -1, 20, 15, 4, 19, 15, 11, 19, 13, 0, 14, 19, 16, 16, 6, 8, 14, 5, 4, 3, 2, 17, 0, 3]
[-8, -7, -7, -6, -6, -4, -3, -3, -3, -3, -1, -1, 0, 15, 4, 19, 15, 11, 19, 13, 20, 14, 19, 16, 16, 6, 8, 14, 5, 4, 3, 2, 17, 0, 3]
[-8, -7, -7, -6, -6, -4, -3, -3, -3, -3, -1, -1, 0, 0, 4, 19, 15, 11, 19, 13, 20, 14, 19, 16, 16, 6, 8, 14, 5, 4, 3, 2, 17, 15, 3]
[-8, -7, -7, -6, -6, -4, -3, -3, -3, -3, -1, -1, 0, 0, 2, 19, 15, 11, 19, 13, 20, 14, 19, 16, 16, 6, 8, 14, 5, 4, 3, 4, 17, 15, 3]
[-8, -7, -7, -6, -6, -4, -3, -3, -3, -3, -1, -1, 0, 0, 2, 3, 15, 11, 19, 13, 20, 14, 19, 16, 16, 6, 8, 14, 5, 4, 19, 4, 17, 15, 3]
[-8, -7, -7, -6, -6, -4, -3, -3, -3, -3, -1, -1, 0, 0, 2, 3, 3, 11, 19, 13, 20, 14, 19, 16, 16, 6, 8, 14, 5, 4, 19, 4, 17, 15, 15]
[-8, -7, -7, -6, -6, -4, -3, -3, -3, -3, -1, -1, 0, 0, 2, 3, 3, 4, 19, 13, 20, 14, 19, 16, 16, 6, 8, 14, 5, 11, 19, 4, 17, 15, 15]
[-8, -7, -7, -6, -6, -4, -3, -3, -3, -3, -1, -1, 0, 0, 2, 3, 3, 4, 4, 13, 20, 14, 19, 16, 16, 6, 8, 14, 5, 11, 19, 19, 17, 15, 15]
[-8, -7, -7, -6, -6, -4, -3, -3, -3, -3, -1, -1, 0, 0, 2, 3, 3, 4, 4, 5, 20, 14, 19, 16, 16, 6, 8, 14, 13, 11, 19, 19, 17, 15, 15]
[-8, -7, -7, -6, -6, -4, -3, -3, -3, -3, -1, -1, 0, 0, 2, 3, 3, 4, 4, 5, 6, 14, 19, 16, 16, 20, 8, 14, 13, 11, 19, 19, 17, 15, 15]
[-8, -7, -7, -6, -6, -4, -3, -3, -3, -3, -1, -1, 0, 0, 2, 3, 3, 4, 4, 5, 6, 8, 19, 16, 16, 20, 14, 14, 13, 11, 19, 19, 17, 15, 15]
[-8, -7, -7, -6, -6, -4, -3, -3, -3, -3, -1, -1, 0, 0, 2, 3, 3, 4, 4, 5, 6, 8, 11, 16, 16, 20, 14, 14, 13, 19, 19, 19, 17, 15, 15]
[-8, -7, -7, -6, -6, -4, -3, -3, -3, -3, -1, -1, 0, 0, 2, 3, 3, 4, 4, 5, 6, 8, 11, 13, 16, 20, 14, 14, 16, 19, 19, 19, 17, 15, 15]
[-8, -7, -7, -6, -6, -4, -3, -3, -3, -3, -1, -1, 0, 0, 2, 3, 3, 4, 4, 5, 6, 8, 11, 13, 14, 20, 16, 14, 16, 19, 19, 19, 17, 15, 15]
[-8, -7, -7, -6, -6, -4, -3, -3, -3, -3, -1, -1, 0, 0, 2, 3, 3, 4, 4, 5, 6, 8, 11, 13, 14, 14, 16, 20, 16, 19, 19, 19, 17, 15, 15]
[-8, -7, -7, -6, -6, -4, -3, -3, -3, -3, -1, -1, 0, 0, 2, 3, 3, 4, 4, 5, 6, 8, 11, 13, 14, 14, 15, 20, 16, 19, 19, 19, 17, 16, 15]
[-8, -7, -7, -6, -6, -4, -3, -3, -3, -3, -1, -1, 0, 0, 2, 3, 3, 4, 4, 5, 6, 8, 11, 13, 14, 14, 15, 15, 16, 19, 19, 19, 17, 16, 20]
[-8, -7, -7, -6, -6, -4, -3, -3, -3, -3, -1, -1, 0, 0, 2, 3, 3, 4, 4, 5, 6, 8, 11, 13, 14, 14, 15, 15, 16, 19, 19, 19, 17, 16, 20]
[-8, -7, -7, -6, -6, -4, -3, -3, -3, -3, -1, -1, 0, 0, 2, 3, 3, 4, 4, 5, 6, 8, 11, 13, 14, 14, 15, 15, 16, 16, 19, 19, 17, 19, 20]
[-8, -7, -7, -6, -6, -4, -3, -3, -3, -3, -1, -1, 0, 0, 2, 3, 3, 4, 4, 5, 6, 8, 11, 13, 14, 14, 15, 15, 16, 16, 17, 19, 19, 19, 20]
[-8, -7, -7, -6, -6, -4, -3, -3, -3, -3, -1, -1, 0, 0, 2, 3, 3, 4, 4, 5, 6, 8, 11, 13, 14, 14, 15, 15, 16, 16, 17, 19, 19, 19, 20]
[-8, -7, -7, -6, -6, -4, -3, -3, -3, -3, -1, -1, 0, 0, 2, 3, 3, 4, 4, 5, 6, 8, 11, 13, 14, 14, 15, 15, 16, 16, 17, 19, 19, 19, 20]
[-8, -7, -7, -6, -6, -4, -3, -3, -3, -3, -1, -1, 0, 0, 2, 3, 3, 4, 4, 5, 6, 8, 11, 13, 14, 14, 15, 15, 16, 16, 17, 19, 19, 19, 20]
